image: map.pgm
resolution: 0.05
origin: [-22.95725193023682, -10.16295435428619, 0]
occupied_thresh: 0.51
free_thresh: 0.49
negate: 0